==============llama2-13b bs = 3 ===================
#xlabel = [10, 13, 16, 19, 22, 25, 28, 31, 34, 37, 40, 43, 46, 49, 52, 55, 58, 61, 64, 67, 70, 73, 76, 79, 82, 85, 88]
all_time_avg = [83.23757915496826, 88.3819399356842, 88.99530653953552, 93.14034419059753, 98.81079931259156, 104.29234375953675, 106.8889078617096, 103.30391201972961, 117.18116822242737, 113.5897979259491, 122.038947057724, 127.50733036994934, 159.28447842597961, 170.48149900436403, 187.21832337379456, 190.68614740371703, 196.1616711616516, 204.04737067222595, 206.75787744522094, 212.6535943508148, 227.76374278068542, 226.62276005744934, 232.24379019737245, 232.95709800720215, 216.9153760433197, 178.82678174972534, 240.21806559562683]
deploy_time_avg = [62.060127639770506, 64.06376566886902, 60.75358986854553, 60.639213991165164, 59.748038578033444, 60.00700821876526, 57.779114389419554, 49.224285745620726, 56.57634525299072, 46.03340792655945, 48.652996969223025, 52.19291195869446, 64.11965336799622, 69.05831899642945, 66.65951256752014, 70.68652024269105, 71.1482006072998, 70.80044784545899, 64.49736795425414, 64.8987877368927, 72.86993317604065, 68.03675084114074, 62.69180827140808, 66.15692367553712, 55.490749311447146, 24.68492465019226, 59.46801266670227]
inference_time_avg = [21.177451515197752, 24.318174266815184, 28.24171667098999, 32.501130199432374, 39.062760734558104, 44.285335540771484, 49.109793472290036, 54.07962627410889, 60.60482296943665, 67.55638999938965, 73.38595008850098, 75.31441841125488, 95.16482505798339, 101.42318000793458, 120.55881080627441, 119.999627161026, 125.01347055435181, 133.24692282676696, 142.2605094909668, 147.7548066139221, 154.8938096046448, 158.58600921630858, 169.55198192596436, 166.80017433166503, 161.42462673187256, 154.14185709953307, 180.75005292892456]
all_time_max = [85.79357242584229, 88.92922949790955, 92.60764646530151, 97.20246410369873, 102.90562844276428, 109.94388556480408, 112.6430652141571, 107.6763129234314, 124.32325911521912, 125.78842425346375, 127.85356521606445, 129.54772663116455, 172.30499505996704, 173.53033542633057, 191.7194697856903, 195.93227624893188, 204.42308521270752, 207.92333006858826, 215.53422355651855, 217.94283056259155, 233.50691866874695, 235.840669631958, 239.0001904964447, 253.61138701438904, 223.31734037399292, 231.3341419696808, 245.97697830200195]
deploy_time_max = [64.32235074043274, 65.38540267944336, 64.56971430778503, 62.81554460525513, 62.17864632606506, 62.29851818084717, 65.04327607154846, 50.92670392990112, 62.69889760017395, 56.2135705947876, 53.505606174468994, 53.3603138923645, 72.15312767028809, 72.41566514968872, 70.59459590911865, 72.51373958587646, 73.84100866317749, 76.58559203147888, 66.43528723716736, 67.58166074752808, 76.64583253860474, 74.82281875610352, 65.91641807556152, 78.04649496078491, 58.99076843261719, 56.160622119903564, 62.62444019317627]
inference_time_max = [23.885302543640137, 26.49268627166748, 30.97826385498047, 34.3869194984436, 42.83384037017822, 47.64536738395691, 50.27887558937073, 57.45353603363037, 62.317079305648804, 70.10511231422424, 75.50149297714233, 77.6423511505127, 100.85714530944824, 104.79970383644104, 124.9967634677887, 125.42377257347107, 134.73477339744568, 137.45669841766357, 151.04686784744263, 150.98467254638672, 160.25193214416504, 165.33415603637695, 174.76612210273743, 179.2938916683197, 166.4382507801056, 175.17351984977722, 187.3687300682068]
