==============llama2-13b bs = 2===================
#xlabel = [91, 93, 95, 97, 99, 101, 103, 105, 107, 109, 111, 113, 115, 117, 119, 121, 123, 125, 127, 129, 131, 133, 135, 137, 139, 141, 143, 145, 147, 149]
all_time_avg = [81.75739459991455, 75.45615544319153, 78.14963049888611, 83.33183145523071, 88.99304780960082, 95.30223088264465, 99.76116571426391, 106.64774169921876, 116.77270874977111, 123.69139461517334, 124.51176977157593, 131.256942653656, 145.79443440437316, 166.3787896156311, 170.17615060806276, 180.05300254821776, 186.83736600875855, 189.39007377624512, 195.0515491962433, 195.6196141242981, 207.37480540275573, 213.61452989578248, 216.84300694465637, 221.65488963127137, 216.1719153881073, 211.99375505447387, 180.14536871910096, 218.785804271698, 219.40921139717102, 236.34725580215454]
deploy_time_avg = [57.391047430038455, 48.53661594390869, 48.02464933395386, 48.85246939659119, 47.922701025009154, 50.37006316184998, 52.197455167770386, 52.67452473640442, 57.796898460388185, 59.36215362548828, 55.6004912853241, 57.45683479309082, 63.65995988845825, 75.23644061088562, 74.23288984298706, 76.39061398506165, 75.21100521087646, 78.015118932724, 75.89193363189698, 73.8656732082367, 76.97109041213989, 76.43673582077027, 75.43048062324524, 75.36567416191102, 69.69011030197143, 56.27919764518738, 31.204046964645386, 49.98937015533447, 50.14613671302796, 59.59539790153504]
inference_time_avg = [24.3663471698761, 26.919539499282838, 30.12498116493225, 34.47936205863952, 41.07034678459168, 44.93216772079468, 47.56371054649353, 53.973216962814334, 58.975810289382935, 64.32924098968506, 68.91127848625183, 73.80010786056519, 82.13447451591492, 91.14234900474548, 95.94326076507568, 103.66238856315613, 111.62636079788209, 111.37495484352112, 119.15961556434631, 121.7539409160614, 130.40371499061584, 137.1777940750122, 141.41252632141112, 146.28921546936036, 146.48180508613586, 155.7145574092865, 148.94132175445557, 168.7964341163635, 169.26307468414308, 176.7518579006195]
all_time_max = [90.37779760360718, 77.25856828689575, 82.88684153556824, 88.80837869644165, 91.5728645324707, 98.72204542160034, 107.46285676956177, 112.28493905067444, 124.42251348495483, 127.9230592250824, 137.2483570575714, 133.33403897285461, 162.16369199752808, 170.40014386177063, 172.27680826187134, 192.4428379535675, 191.21236944198608, 192.51873970031738, 200.97586393356323, 197.93023443222046, 211.1177351474762, 226.18218183517456, 219.8068585395813, 233.02222228050232, 233.52335357666016, 237.02651238441467, 221.2346067428589, 238.9262547492981, 231.14460706710815, 241.23469519615173]
deploy_time_max = [60.850302934646606, 49.632826805114746, 51.875741958618164, 54.35216426849365, 50.31007194519043, 55.80408596992493, 61.30162501335144, 58.298752307891846, 60.38770794868469, 61.22364902496338, 58.58939003944397, 59.67054200172424, 73.0189049243927, 77.55552244186401, 76.77996039390564, 81.60395836830139, 76.80265212059021, 80.09510707855225, 78.21871066093445, 77.0429298877716, 78.2386999130249, 83.69091629981995, 76.80076789855957, 79.28234004974365, 80.34365105628967, 59.90754008293152, 51.675766944885254, 55.364047050476074, 54.92439794540405, 62.347941160202026]
inference_time_max = [29.52749466896057, 27.625741481781006, 31.553021907806396, 34.92502164840698, 41.56255841255188, 47.29463005065918, 49.821059703826904, 56.56654405593872, 64.03480553627014, 67.3178243637085, 78.65896701812744, 76.78160285949707, 89.43671464920044, 94.67269682884216, 99.30922555923462, 110.83887958526611, 114.40971732139587, 112.42363262176514, 126.55550074577332, 122.69181370735168, 133.4010021686554, 149.47423338890076, 143.78803896903992, 158.67391753196716, 153.17970252037048, 181.300696849823, 169.55883979797363, 184.13935375213623, 176.2202091217041, 179.01931929588318]
