==============llama2-13b 1_time5_bs2_tokens128===================
xlabel = [2, 4, 6, 8, 10, 12, 14, 16, 18, 20]
all_time_avg = [38.4315341796875]
deploy_time_avg = [23.809943359375]
inference_time_avg = [14.6215908203125]
all_time_max = [38.4315341796875]
deploy_time_max = [23.809943359375]
inference_time_max = [14.6215908203125]
